RPMBase=(0.0,-23.2800,0.0000,0.0000,0.9600)
VolumeFract=(0,1,1,1,1,1,1,1,1,1,1,1,1,1,1,1)
MixtureFract=(0,0,0,0)
RPMBase=(250.0,-22.1354,2.8130,0.3300,0.7150)
VolumeFract=(0,1,1,1,1,1,1,1,1,1,1,1,1,1,1,1)
MixtureFract=(0.931,0.944,0.95,0.955)
RPMBase=(500.0,-22.6592,7.2750,0.3000,0.7990)
VolumeFract=(0,1,1,1,1,1,1,1,1,1,1,1,1,1,1,1)
MixtureFract=(0.932,0.953,0.968,0.97)
RPMBase=(750.0,-23.4546,15.0350,0.2600,0.8160)
VolumeFract=(0,0.995,1,1,1,1,1,1,1,1,1,1,1,1,1,1)
MixtureFract=(0.933,0.961,0.975,0.98)
RPMBase=(1000.0,-24.2985,31.0400,0.2300,0.8310)
VolumeFract=(0,0.988,1,1,1,1,1,1,1,1,1,1,1,1,1,1)
MixtureFract=(0.934,0.968,0.985,0.99)
RPMBase=(1250.0,-25.1715,45.7840,0.1900,0.8430)
VolumeFract=(0,0.984,0.999,1,1,1,1,1,1,1,1,1,1,1,1,1)
MixtureFract=(0.935,0.974,0.99,0.995)
RPMBase=(1500.0,-26.0736,65.6690,0.1500,0.8530)
VolumeFract=(0,0.981,0.994,1,1,1,1,1,1,1,1,1,1,1,1,1)
MixtureFract=(0.936,0.98,0.995,0.997)
RPMBase=(1750.0,-27.0048,87.3970,0.1200,0.8610)
VolumeFract=(0,0.979,0.99,1,1,1,1,1,1,1,1,1,1,1,1,1)
MixtureFract=(0.937,0.986,0.997,0.998)
RPMBase=(2000.0,-27.9554,116.4000,0.1000,0.8680)
VolumeFract=(0,0.978,0.987,0.999,1,1,1,1,1,1,1,1,1,1,1,1)
MixtureFract=(0.938,0.991,0.998,0.999)
RPMBase=(2250.0,-28.9157,144.2390,0.0800,0.8740)
VolumeFract=(0,0.942,0.985,0.996,1,1,1,1,1,1,1,1,1,1,1,1)
MixtureFract=(0.939,0.995,0.999,1)
RPMBase=(2500.0,-29.9051,169.5560,0.0600,0.8790)
VolumeFract=(0,0.812,0.983,0.993,1,1,1,1,1,1,1,1,1,1,1,1)
MixtureFract=(0.94,0.997,1,1)
RPMBase=(2750.0,-30.9042,202.1480,0.0500,0.8830)
VolumeFract=(0,0.706,0.982,0.991,0.999,1,1,1,1,1,1,1,1,1,1,1)
MixtureFract=(0.941,0.998,1,1)
RPMBase=(3000.0,-31.9227,228.9200,0.0360,0.8870)
VolumeFract=(0,0.619,0.981,0.989,0.997,1,1,1,1,1,1,1,1,1,1,1)
MixtureFract=(0.942,0.999,1,1)
RPMBase=(3250.0,-32.9509,254.6250,0.0210,0.8900)
VolumeFract=(0,0.548,0.878,0.987,0.995,1,1,1,1,1,1,1,1,1,1,1)
MixtureFract=(0.943,1,1,1)
RPMBase=(3500.0,-33.9888,278.1960,0.0100,0.8930)
VolumeFract=(0,0.487,0.786,0.986,0.993,1,1,1,1,1,1,1,1,1,1,1)
MixtureFract=(0.944,1,1,1)
RPMBase=(3750.0,-35.0461,303.5130,0.0000,0.8960)
VolumeFract=(0,0.437,0.709,0.922,0.991,0.997,1,1,1,1,1,1,1,1,1,1)
MixtureFract=(0.945,1,1,1)
RPMBase=(4000.0,-36.1131,323.9800,0.0000,0.8980)
VolumeFract=(0,0.394,0.643,0.838,0.989,0.996,1,1,1,1,1,1,1,1,1,1)
MixtureFract=(0.946,1,1,1)
RPMBase=(4250.0,-37.1898,339.7910,0.0000,0.9000)
VolumeFract=(0,0.357,0.586,0.766,0.953,0.994,1,1,1,1,1,1,1,1,1,1)
MixtureFract=(0.947,1,1,1)
RPMBase=(4500.0,-38.2762,356.0870,0.0000,0.9020)
VolumeFract=(0,0.326,0.537,0.704,0.877,0.992,0.999,1,1,1,1,1,1,1,1,1)
MixtureFract=(0.948,1,1,1)
RPMBase=(4750.0,-39.3723,374.1290,0.0000,0.9030)
VolumeFract=(0,0.298,0.495,0.65,0.811,0.95,0.997,1,1,1,1,1,1,1,1,1)
MixtureFract=(0.949,1,1,1)
RPMBase=(5000.0,-40.4781,386.8360,0.0000,0.9040)
VolumeFract=(0,0.274,0.458,0.603,0.753,0.883,0.996,1,1,1,1,1,1,1,1,1)
MixtureFract=(0.95,1,1,1)
RPMBase=(5250.0,-41.5936,399.5430,0.0000,0.9060)
VolumeFract=(0,0.253,0.426,0.562,0.702,0.824,0.947,1,1,1,1,1,1,1,1,1)
MixtureFract=(0.951,1,1,1)
RPMBase=(5500.0,-42.7188,412.1530,0.0000,0.9060)
VolumeFract=(0,0.235,0.397,0.525,0.657,0.772,0.888,1,1,1,1,1,1,1,1,1)
MixtureFract=(0.952,1,1,1)
RPMBase=(5750.0,-43.8440,424.8600,0.0000,0.9070)
VolumeFract=(0,0.218,0.372,0.492,0.618,0.726,0.835,0.946,1,1,1,1,1,1,1,1)
MixtureFract=(0.953,1,1,1)
RPMBase=(6000.0,-44.9886,433.5900,0.0000,0.9080)
VolumeFract=(0,0.204,0.349,0.464,0.582,0.685,0.789,0.894,0.999,1,1,1,1,1,1,1)
MixtureFract=(0.954,1,1,1)
RPMBase=(6250.0,-46.1332,445.0360,0.0000,0.9080)
VolumeFract=(0,0.191,0.329,0.438,0.551,0.649,0.747,0.847,0.948,1,1,1,1,1,1,1)
MixtureFract=(0.955,1,1,1)
RPMBase=(6500.0,-47.2875,455.6090,0.0000,0.9090)
VolumeFract=(0,0.179,0.311,0.415,0.523,0.616,0.71,0.806,0.901,0.997,1,1,1,1,1,1)
MixtureFract=(0.956,1,1,1)
RPMBase=(6750.0,-48.4515,466.8610,0.0000,0.9090)
VolumeFract=(0,0.169,0.295,0.394,0.497,0.587,0.677,0.768,0.86,0.952,1,1,1,1,1,1)
MixtureFract=(0.957,1,1,1)
RPMBase=(7000.0,-49.6155,478.6950,0.0000,0.9090)
VolumeFract=(0,0.159,0.28,0.376,0.475,0.56,0.647,0.734,0.822,0.911,0.999,1,1,1,1,1)
MixtureFract=(0.958,1,1,1)
RPMBase=(7250.0,-50.7892,490.4320,0.0000,0.9090)
VolumeFract=(0,0.151,0.267,0.359,0.454,0.537,0.62,0.704,0.789,0.874,0.958,1,1,1,1,1)
MixtureFract=(0.959,1,1,1)
RPMBase=(7500.0,-51.9726,502.1690,0.0000,0.9080)
VolumeFract=(0,0.143,0.255,0.344,0.436,0.515,0.596,0.677,0.759,0.841,0.922,1,1,1,1,1)
MixtureFract=(0.96,1,1,1)
RPMBase=(7750.0,-53.1560,511.7720,0.0000,0.9080)
VolumeFract=(0,0.136,0.245,0.33,0.419,0.496,0.574,0.653,0.731,0.811,0.89,0.969,1,1,1,1)
MixtureFract=(0.961,1,1,1)
RPMBase=(8000.0,-54.3491,519.0470,0.0000,0.9080)
VolumeFract=(0,0.129,0.235,0.318,0.404,0.479,0.554,0.631,0.707,0.784,0.86,0.937,1,1,1,1)
MixtureFract=(0.962,1,1,1)
RPMBase=(8250.0,-55.5519,528.0681,0.0000,0.9070)
VolumeFract=(0,0.124,0.226,0.307,0.391,0.463,0.536,0.611,0.685,0.76,0.834,0.909,0.983,1,1,1)
MixtureFract=(0.963,1,1,1)
RPMBase=(8500.0,-56.7547,537.4770,0.0000,0.9060)
VolumeFract=(0,0.118,0.218,0.297,0.379,0.449,0.52,0.593,0.665,0.738,0.811,0.883,0.955,1,1,1)
MixtureFract=(0.964,1,1,1)
RPMBase=(8750.0,-57.9672,545.9160,0.0000,0.9050)
VolumeFract=(0,0.114,0.211,0.288,0.368,0.437,0.506,0.577,0.648,0.719,0.79,0.86,0.931,1,1,1)
MixtureFract=(0.965,1,1,1)
RPMBase=(9000.0,-59.1894,554.1610,0.0000,0.9040)
VolumeFract=(0,0.109,0.205,0.28,0.358,0.426,0.494,0.563,0.632,0.702,0.771,0.84,0.909,0.978,1,1)
MixtureFract=(0.966,1,1,1)
RPMBase=(9250.0,-60.4116,560.0780,0.0000,0.9030)
VolumeFract=(0,0.105,0.199,0.273,0.349,0.416,0.482,0.55,0.618,0.686,0.754,0.822,0.89,0.957,1,1)
MixtureFract=(0.967,1,1,1)
RPMBase=(9500.0,-61.6338,566.5770,0.0000,0.9020)
VolumeFract=(0,0.102,0.194,0.266,0.342,0.407,0.472,0.539,0.606,0.673,0.74,0.807,0.873,0.939,1,1)
MixtureFract=(0.968,1,1,1)
RPMBase=(9750.0,-62.8657,572.2030,0.0000,0.9000)
VolumeFract=(0,0.098,0.189,0.261,0.335,0.399,0.464,0.53,0.595,0.662,0.727,0.793,0.859,0.924,0.989,1)
MixtureFract=(0.969,1,1,1)
RPMBase=(10000.0,-64.1073,575.7920,0.0000,0.8980)
VolumeFract=(0,0.095,0.185,0.256,0.329,0.393,0.457,0.522,0.586,0.652,0.717,0.782,0.847,0.911,0.976,1)
MixtureFract=(0.97,1,1,1)
RPMBase=(10250.0,-65.3489,577.6350,0.0000,0.8960)
VolumeFract=(0,0.093,0.182,0.252,0.324,0.387,0.45,0.515,0.579,0.644,0.708,0.772,0.837,0.901,0.964,1)
MixtureFract=(0.971,1,1,1)
RPMBase=(10500.0,-66.6002,581.0300,0.0000,0.8940)
VolumeFract=(0,0.09,0.179,0.248,0.32,0.383,0.446,0.509,0.573,0.638,0.701,0.765,0.829,0.892,0.956,1)
MixtureFract=(0.972,1,1,1)
RPMBase=(10750.0,-67.8515,580.0600,0.0000,0.8920)
VolumeFract=(0,0.088,0.176,0.245,0.317,0.379,0.442,0.505,0.569,0.633,0.696,0.76,0.823,0.886,0.949,1)
MixtureFract=(0.973,1,1,1)
RPMBase=(11000.0,-69.1028,579.0900,0.0000,0.8890)
VolumeFract=(0,0.086,0.174,0.243,0.315,0.377,0.439,0.503,0.566,0.63,0.693,0.756,0.82,0.883,0.946,1)
MixtureFract=(0.974,1,1,1)
RPMBase=(11250.0,-70.3638,578.1200,0.0000,0.8860)
VolumeFract=(0,0.084,0.172,0.242,0.313,0.375,0.438,0.501,0.565,0.628,0.692,0.755,0.819,0.882,0.944,1)
MixtureFract=(0.975,1,1,1)
RPMBase=(11500.0,-71.6345,577.1500,0.0000,0.8830)
VolumeFract=(0,0.083,0.171,0.241,0.313,0.375,0.438,0.501,0.565,0.629,0.693,0.756,0.82,0.883,0.946,1)
MixtureFract=(0.976,1,1,1)
RPMBase=(11750.0,-72.9052,572.3970,0.0000,0.8790)
VolumeFract=(0,0.082,0.171,0.241,0.313,0.376,0.439,0.503,0.567,0.631,0.695,0.759,0.823,0.887,0.951,1)
MixtureFract=(0.977,1,1,1)
RPMBase=(12000.0,-74.1759,566.4800,0.0000,0.8740)
VolumeFract=(0,0.081,0.171,0.241,0.315,0.378,0.442,0.506,0.571,0.636,0.701,0.765,0.83,0.894,0.958,1)
MixtureFract=(0.978,1,1,1)
RPMBase=(12250.0,-75.4563,556.7800,0.0000,0.8700)
VolumeFract=(0,0.08,0.171,0.243,0.317,0.382,0.446,0.512,0.577,0.643,0.708,0.774,0.839,0.904,0.969,1)
MixtureFract=(0.979,1,1,1)
RPMBase=(12500.0,-76.7367,548.0500,0.0000,0.8640)
VolumeFract=(0,0.08,0.173,0.246,0.321,0.386,0.452,0.519,0.585,0.652,0.719,0.785,0.852,0.918,0.984,1)
MixtureFract=(0.98,1,1,1)
RPMBase=(12750.0,-78.0268,528.6500,0.0000,0.8580)
VolumeFract=(0,0.08,0.175,0.249,0.326,0.393,0.46,0.528,0.596,0.664,0.732,0.8,0.868,0.936,1,1)
MixtureFract=(0.981,1,1,1)
RPMBase=(13000.0,-79.3169,514.3910,0.0000,0.8510)
VolumeFract=(0,0.08,0.177,0.254,0.333,0.402,0.471,0.54,0.61,0.68,0.75,0.819,0.889,0.958,1,1)
MixtureFract=(0.982,1,1,1)
RPMBase=(13250.0,-80.6167,495.5730,0.0000,0.8430)
VolumeFract=(0,0.08,0.181,0.26,0.342,0.412,0.484,0.555,0.627,0.699,0.771,0.843,0.915,0.986,1,1)
MixtureFract=(0.983,1,1,1)
RPMBase=(13500.0,-81.9165,480.2761,0.0000,0.8330)
VolumeFract=(0,0.081,0.186,0.268,0.353,0.426,0.5,0.574,0.649,0.723,0.798,0.872,0.947,0.998,1,1)
MixtureFract=(0.984,1,1,1)
RPMBase=(13750.0,-83.2163,460.9440,0.0000,0.8220)
VolumeFract=(0,0.083,0.192,0.278,0.366,0.443,0.52,0.598,0.675,0.753,0.831,0.909,0.986,0.998,1,1)
MixtureFract=(0.985,1,1,1)
RPMBase=(14000.0,-84.5258,437.2760,0.0000,0.8090)
VolumeFract=(0,0.085,0.2,0.29,0.383,0.464,0.545,0.627,0.708,0.79,0.872,0.953,0.995,0.997,1,1)
MixtureFract=(0.986,1,1,1)
